
<--- Time 0 --->
Waiting clients: (4, 2, 3); (11, 2, 4); (12, 3, 3); (3, 4, 4); (5, 4, 3); (8, 5, 2); (14, 5, 3); (13, 6, 3); (1, 7, 4); (10, 7, 2); (2, 8, 4); (7, 10, 2); (6, 11, 2); (15, 11, 4); (9, 12, 2); 
Queue 1 : closed
Queue 2 : closed

<--- Time 1 --->
Waiting clients: (4, 2, 3); (11, 2, 4); (12, 3, 3); (3, 4, 4); (5, 4, 3); (8, 5, 2); (14, 5, 3); (13, 6, 3); (1, 7, 4); (10, 7, 2); (2, 8, 4); (7, 10, 2); (6, 11, 2); (15, 11, 4); (9, 12, 2); 
Queue 1 : closed
Queue 2 : closed

<--- Time 2 --->
Waiting clients: (12, 3, 3); (3, 4, 4); (5, 4, 3); (8, 5, 2); (14, 5, 3); (13, 6, 3); (1, 7, 4); (10, 7, 2); (2, 8, 4); (7, 10, 2); (6, 11, 2); (15, 11, 4); (9, 12, 2); 
Queue 1: (4, 2, 3); 
Queue 2: (11, 2, 4); 
